




































































































650
563
54
312
86
168
288
461
762
880
502
911
144
558
921
286
927
390
238
651
265
584
382
226
975
946
439
557
459
609
410
402
658
354
102
812
834
532
311
327
366
483
292
32
58
723
840
346
227
9
753
85
217
467
891
643
375
783
533
28
446
484
923
288
638
492
746
195
970
13
343
513
62
479
283
269
815
485
948
868
441
501
502
351
955
546
203
200
976
12
845
79
464
813
582
281
218
319
573
35
417
896
963
879
557
493
378
846
357
276
196
168
866
987
231
250
917
516
622
201
55
9
72
173
91
146
183
335
812
895
292
91
111
850
262
286
525
752
287
71
703
239
45
995
440
682
920
281
657
79
137
887
930
491
748
158
292
261
616
468
374
326
780
174
667
353
863
418
883
322
895
675
761
222
601
621
35
663
501
307
112
722
222
188
634
140
567
639
955
281
316
480
667
409
824
981
275
916
415
494
10
52
211
812
654
77
967
214
581
554
846
17
15
260
818
17
15
138
69
233
350
769
578
806
493
382
19
726
471
313
990
964
955
963
353
418
512
392
144
69
440
642
345
453
731
774
841
504
528
782
976
468
890
849
848
328
513
368
623
16
562
471
495
872
413
731
799
940
655
720
577
437
987
789
387
593
222
667
827
205
665
770
944
884
375
481
371
93
669
986
145
788
450
124
339
64
49
966
315
37
463
225
706
740
765
457
361
502
231
833
915
901
925
34
660
244
487
920
562
585
172
888
895
885
78
137
22
245
120
998
718
772
106
368
530
246
392
322
199
687
724
465
271
376
402
667
129
74
50
239
140
311
549
260
31
469
185
555
659
675
971
336
465
55
232
29
31
899
852
280
689
909
152
189
391
92
386
7
41
545
999
980
217
733
221
955
732
268
818
31
40
257
870
979
179
983
862
753
425
229
678
210
612
394
